4416000000
730900
7310100000
8421110000
8421220000
8422200009
8422300008
8427
8428907100
8428907800
8432
8433
8434
8435
8436
8437
8438
847420000
8514191000
8701
9027500000

8208
840890
8409100000
8411
8412
880100
8802
8804000000
8805
8806
8807100000
8807200000
8807300000
8901
890200
8903
890400
8905
8906
8907
8908000000

3815199000
680422
731100
7017
8205
8207
820900
8401
8402
8403
8404
8405
8406
8407
8408
8409
8410
8411
8412
8413
8414
8415
8416
8417
8418
8419
8420
8421
8422
8423
8424
8425
8426
8428
8429
8430
8439
8440
8441
8442
8443
844400
8445
8446
8447
8448
8449000000
8450
8451
8452
8453
8454
8455
8456
8457
8458
8459
8460
8461
8462
8463
8464
8465
8466
8467
8468
8470
8471
8472
8473
8474
8475
8476
8477
8478
8479
8480
8481
8482
8483
8484
8485
8486
8487
8501
8502
850300
8504
8505
8506
8507
8508
8509
8510
8511
8512
8513
8515
8516
8518
8519
8521
8522
8524
8530
8531
8532
8533
8535
8536
8537
8538
8539
8540
8545
8546
8547
854800
8549
8601
8602
8603
8604000000
860500000
8606
8607
860800000
860900
8702
8703
8704
8705
870600
8707
8708
8709
8711
871200
8713
8714
871500
8716
8807
9002
9003
9004
9005
9006
9007
9008
9010
9011
9012
9014
9015
901600
9017
9018
9019
9020000000
9021
9022
902300
9024
9025
9026
9027
9028
9029
9030
9031
9032
9033000000

8517
8523
8525
8526
8527
8528
8529
853400
8541
8542
8543
8544
9001
9013

300610
3006400000
3006700000
730423000
820559
840510000
841229
841940000
842121000
8421220000
842129000
8430100000
8430310000
8430390000
843041000
843049000
8431
847410000
847420000
847431000
8474320000
847439000
848180
8514
852691
853650
900510
900580
900640
900653
900659000
901110
901120
9011800000
901210
9015
9022130000
9022140000
9022190000
9022210000
9022290000
9022300000
9022900000
902610
902710
9027200000
9027300000
9027500000
9027810000
902789000
9030100000