300610
3006400000
3006700000
3815199000
4416000000
680422
7017
730900
730423000
7310100000
731100
8205
8207
8208
820900
8401
8402
8403
8404
8405
8406
8407
8408
8409
8410
8411
8412
8413
8414
8415
8416
8417
8418
8419
8420
8421
8422
8423
8424
8425
8426
8427
8428
8429
8430
8431
8432
8433
8434
8435
8436
8437
8438
8439
8440
8441
8442
8443
844400
8445
8446
8447
8448
8449000000
8450
8451
8452
8453
8454
8455
8456
8457
8458
8459
8460
8461
8462
8463
8464
8465
8466
8467
8468
8470
8471
8472
8473
8474
8475
8476
8477
8478
8479
8480
8481
8482
8483
8484
8485
8486
8487
8501
8502
850300
8504
8505
8506
8507
8508
8509
8510
8511
8512
8513
8514
8515
8516
8517
8518
8519
8521
8522
8523
8524
8525
8526
8527
8528
8529
8530
8531
8532
8533
853400
8535
8536
8537
8538
8539
8540
8541
8542
8543
8544
8545
8546
8547
854800
8549
8601
8602
8603
8604000000
860500000
8606
8607
860800000
860900
8701
8702
8703
8704
8705
870600
8707
8708
8709
8711
871200
8713
8714
871500
8716
880100
8802
8804000000
8805
8806
8807
8901
890200
8903
890400
8905
8906
8907
8908000000
9001
9002
9003
9004
9005
9006
9007
9008
9010
9011
9012
9013
9014
9015
901600
9017
9018
9019
9020000000
9021
9022
902300
9024
9025
9026
9027
9028
9029
9030
9031
9032
9033000000